расшифровать
21
5
17 12 17 16 6 17 11 7 3 17 11 6 17 17 16 6 16 17 12 17 7 6 17 14 12 17 12 13 12 11 8 11 12 11 17 6 17 12 13 17 11 17 12 12 16 6 12 17 16 6 11 16 6 17 12 17 5 11 17 12 16 12 17
зашифровать
7
3
12 мая 2015 вторник открытый текст





1461501550218615607239589973482144078921079980033
535465271252655464535765143531332823256531352533
46354624653517253435
Зашифрованный текст: 1023680648318402372463975212935937249033147135628 30576098084568805795627177795042632691930769700



расшифровать
14
5
5 3 1 7 5 2 1 7 5 3
зашифровать
2
7
тесет
расшифровать
9173503
7341443
1981817 2754692 8190592 8412967 4873331
зашифровать
3557
2579
Последнее задание

Код сообщения: 3231342617162817176522121612282317
n: 9173503
m: 9167368
e: 3457771
d: 7341443
Зашифрованный текст: 1981817 2754692 8190592 8412967 4873331